<?xml version="1.0"?>
<opencv_storage>
<camera_matrix type_id="opencv-matrix">
  <rows>3</rows>
  <cols>3</cols>
  <dt>d</dt>
  <data>
    3.2017754876645836e+03 0. 3.1879221919156612e+02 0.
    3.1760099766512280e+03 1.8023790446218487e+02 0. 0. 1.</data></camera_matrix>
<distortion_coefficients type_id="opencv-matrix">
  <rows>1</rows>
  <cols>5</cols>
  <dt>d</dt>
  <data>
    -9.5224404493273500e+00 3.9403625688241362e+02
    5.9519496601828804e-03 5.4070152679788701e-02 4.0485923455688144e-01</data></distortion_coefficients>
</opencv_storage>
